// Mercenary Database
//
// Structure of Database:
// ID,Sprite_Name,Name,LV,HP,SP,Range1,ATK1,ATK2,DEF,MDEF,STR,AGI,VIT,INT,DEX,LUK,Range2,Range3,Scale,Race,Element,Speed,aDelay,aMotion,dMotion

// Gouremu
30094,JT_GOREMU,Goremu,255,1215600,1,2,1835,2279,15,89,76,66,90,55,189,22,10,12,1,7,20,175,800,750,300

// Marionete
30550,JT_KUROARI1,Kuroari,30,1215600,1,2,1835,2279,15,89,76,66,90,55,189,22,10,12,1,7,20,175,800,750,300
30551,JT_KUROARI2,Kuroari,100,1215600,1,2,1835,2279,15,89,76,66,90,55,189,22,10,12,1,7,20,175,800,750,300
30552,JT_KUROARI3,Kuroari,180,1215600,1,2,1835,2279,15,89,76,66,90,55,189,22,10,12,1,7,20,175,800,750,300
30553,JT_KUROARI4,Kuroari,255,1215600,1,2,1835,2279,15,89,76,66,90,55,189,22,10,12,1,7,20,175,800,750,300
30554,JT_SANSHOUO1,Sanshoo,100,1215600,1,2,1835,2279,15,89,76,66,90,55,189,22,10,12,1,7,20,175,800,750,300
30555,JT_SANSHOUO2,Sanshoo,180,1215600,1,2,1835,2279,15,89,76,66,90,55,189,22,10,12,1,7,20,175,800,750,300
30556,JT_SANSHOUO3,Sanshoo,255,1215600,1,2,1835,2279,15,89,76,66,90,55,189,22,10,12,1,7,20,175,800,750,300
30557,JT_SASORI1,Sasori,180,1215600,1,2,1835,2279,15,89,76,66,90,55,189,22,10,12,1,7,20,175,800,750,300
30558,JT_SASORI2,Sasori,255,1215600,1,2,1835,2279,15,89,76,66,90,55,189,22,10,12,1,7,20,175,800,750,300
30559,JT_KAZEKAGE1,Kazekage,255,1215600,1,2,1835,2279,15,89,76,66,90,55,189,22,10,12,1,7,20,175,800,750,300

30019,JT_C2,C2,145,1215600,1,2,1835,2279,15,89,76,66,90,55,189,22,10,12,1,7,20,175,800,750,300

30021,JT_SALAMANDRA,Salamandra,255,1000000,1,2,1835,2279,15,89,76,66,90,55,189,22,10,12,1,7,20,175,800,750,300