// Experience Tables [Renewal]
// Only official levels included, check db/import-tmpl/job_exp.txt for an expanded list
//
// Structure of Database:
// Max Level,Class list,Type,Exp for Lv 1,2,3,4,5,6,7,8,9,10,11,12,13,14,15,16,17,18,19,20,21,22,23,24,25,26,27,28,29,30,31,32,33,34,35,36,37,38,39,40,41,42,43,44,45,46,47,48,49,50,51,52,53,54,55,56,57,58,59,60,61,62,63,64,65,66,67,68,69,70,71,72,73,74,75,76,77,78,79,80,81,82,83,84,85,86,87,88,89,90,91,92,93,94,95,96,97,98,99,100,101,102,103,104,105,106,107,108,109,110,111,112,113,114,115,116,117,118,119,120,121,122,123,124,125,126,127,128,129,130,131,132,133,134,135,136,137,138,139,140,141,142,143,144,145,146,147,148,149,150,151,152,153,154,155,156,157,158,159,160,161,162,163,164,165,166,167,168,169,170,171,172,173,174,175
//
// Type:
//	0 = Base Exp, 1 = Job Exp

//Base - Normal and Baby Jobs
99,0:1:2:3:4:5:6:7:8:9:10:11:12:13:14:15:16:17:18:19:20:21:23:24:25:4023:4024:4025:4026:4027:4028:4029:4030:4031:4032:4033:4034:4035:4036:4037:4038:4039:4040:4041:4042:4043:4044:4045:4046:4047:4048:4049:4050:4051:4052,0,550,900,1500,2200,3200,3800,4200,4550,5000,5500,6000,6100,6350,6700,7350,8000,8400,8800,9200,9700,10300,11000,11800,13000,14000,15000,16000,17000,18000,19000,20000,21000,22000,23200,24000,26000,27500,29000,30000,31500,33000,34000,36000,37500,38000,40000,42000,44500,47000,49000,51000,53000,55000,57000,59000,61500,63000,65000,67500,75600,83700,91800,99900,108000,116100,124200,132300,140400,165000,192000,210000,232500,244500,255000,270000,282000,292500,300000,345000,416000,480000,560000,640000,768000,880000,960000,1088000,1200000,1440000,1700000,2040000,2550000,3060000,3570000,4080000,4760000,5610000,6800000,99999999

//Base - Trans Jobs
175,4001:4002:4003:4004:4005:4006:4007:4008:4009:4010:4011:4012:4013:4014:4015:4016:4017:4018:4019:4020:4021:4022,0,550,900,1500,2200,3200,3800,4200,4550,5000,5500,6000,6100,6350,6700,7350,8000,8400,8800,9200,9700,10300,11000,11800,13000,14000,15000,16000,17000,18000,19000,20000,21000,22000,23200,24000,26000,27500,29000,30000,31500,33000,34000,36000,37500,38000,40000,42000,44500,47000,49000,51000,53000,55000,57000,59000,61500,63000,65000,67500,75600,83700,91800,99900,108000,116100,124200,132300,140400,165000,192000,210000,232500,244500,255000,270000,282000,292500,300000,345000,416000,480000,560000,640000,768000,880000,960000,1088000,1200000,1440000,1700000,2040000,2550000,3060000,3570000,4080000,4760000,5610000,6800000,7070000,7400000,7770000,8150000,8550000,9100000,9610000,10150000,10570000,11180000,12000000,12200000,12930000,13150000,14030000,14420000,15420000,15670000,16870000,17140000,18720000,19020000,20590000,20930000,21690000,22310000,23290000,24020000,26860000,28535000,30990000,31680000,32560000,34942000,36372000,38350000,39890000,40545000,42330000,44400000,46100000,48410000,50370000,51250000,53230000,55590000,57120000,59200000,61330000,63100000,64000000,65000000,67300000,69700000,71200000,73600000,74100000,76500000,77000000,79400000,80900000,81500000,82220000,84084000,86120000,87193000,89229000,90472000,91964000,92755000,93337000,95128000,96277000,97856000,98950000,100000000,99999999

//Base - 3rd Jobs, Baby 3rds, Expanded Super Novice, Kagerou/Oboro, Rebellion, Summoner, Star Emperor, Soul Reaper
255,4054:4055:4056:4057:4058:4059:4060:4061:4062:4063:4064:4065:4066:4067:4068:4069:4070:4071:4072:4073:4074:4075:4076:4077:4078:4079:4080:4081:4082:4083:4084:4085:4086:4087:4096:4097:4098:4099:4100:4101:4102:4103:4104:4105:4106:4107:4108:4109:4110:4111:4112:4190:4191:4211:4212:4215:4218:4220:4222:4223:4224:4225:4226:4227:4228:4229:4238:4239:4240:4241:4242:4243:4244,0,550,900,1500,2200,3200,3800,4200,4550,5000,5500,6000,6100,6350,6700,7350,8000,8400,8800,9200,9700,10300,11000,11800,13000,14000,15000,16000,17000,18000,19000,20000,21000,22000,23200,24000,26000,27500,29000,30000,31500,33000,34000,36000,37500,38000,40000,42000,44500,47000,49000,51000,53000,55000,57000,59000,61500,63000,65000,67500,75600,83700,91800,99900,108000,116100,124200,132300,140400,165000,192000,210000,232500,244500,255000,270000,282000,292500,300000,345000,416000,480000,560000,640000,768000,880000,960000,1088000,1200000,1440000,1700000,2040000,2550000,3060000,3570000,4080000,4760000,5610000,6800000,7070000,7400000,7770000,8150000,8550000,9100000,9610000,10150000,10570000,11180000,12000000,12200000,12930000,13150000,14030000,14420000,15420000,15670000,16870000,17140000,18720000,19020000,20590000,20930000,21690000,22310000,23290000,24020000,26860000,28535000,30990000,31680000,32560000,34942000,36372000,38350000,39890000,40545000,42330000,44400000,46100000,48410000,50370000,51250000,53230000,55590000,57120000,59200000,61330000,63100000,64000000,65000000,67300000,69700000,71200000,73600000,74100000,76500000,77000000,79400000,80900000,81500000,82220000,84084000,86120000,87193000,89229000,90472000,91964000,92755000,93337000,95128000,96277000,97856000,98950000,100000000,102000000,105000000,110000000,116000000,118000000,120000000,135000000,140000000,145000000,150000000,160000000,168000000,174000000,179000000,184000000,188000000,193000000,197000000,201000000,209000000,217000000,226000000,229000000,232000000,236000000,241000000,247000000,255000000,261000000,268000000,273000000,277000000,285000000,291000000,294000000,297000000,300000000,304000000,309000000,314000000,318000000,322000000,327000000,331000000,336000000,341000000,347000000,352000000,359000000,362000000,367000000,372000000,379000000,385000000,388000000,392000000,397000000,400000000,407000000,414000000,419000000,422000000,427000000,431000000,435000000,439000000,444000000,452000000,458000000,462000000,466000000,469000000,474000000,477000000,482000000,489000000,493000000,496000000,499000000,500000000,99999999

//Job
10,0:4001:4023,1,55,90,150,220,320,380,420,455,500,999999999
50,1:2:3:4:5:6:23:4045:4002:4003:4004:4005:4006:4007:4024:4025:4026:4027:4028:4029:4046:4050,1,550,900,1500,2200,3200,3800,4200,4550,5000,5500,6000,6100,6350,6700,7350,8000,8400,8800,9200,9700,10300,11000,11800,13000,14000,15000,16000,17000,18000,19000,20000,21000,22000,23200,24000,26000,27500,29000,30000,31500,33000,34000,36000,37500,38000,40000,42000,44500,47000,49000,51000,53000,55000,57000,59000,61500,63000,65000,67500,999999999
35,7:8:9:10:11:12:13:14:15:16:17:18:19:20:21:24:25:4008:4009:4010:4011:4012:4013:4014:4015:4016:4017:4018:4019:4020:4021:4022:4030:4031:4032:4033:4034:4035:4036:4037:4038:4039:4040:4041:4042:4043:4044:4047:4048:4049:4051:4052,1,75600,83700,91800,99900,108000,116100,124200,132300,140400,165000,192000,210000,232500,244500,255000,270000,282000,292500,300000,345000,416000,480000,560000,640000,768000,880000,960000,1088000,1200000,1440000,1700000,2040000,2550000,3060000,3570000,999999999
20,4054:4055:4056:4057:4058:4059:4060:4061:4062:4063:4064:4065:4066:4067:4068:4069:4070:4071:4072:4073:4074:4075:4076:4077:4078:4079:4080:4081:4082:4083:4084:4085:4086:4087:4096:4097:4098:4099:4100:4101:4102:4103:4104:4105:4106:4107:4108:4109:4110:4111:4112:4190:4191:4211:4212:4215:4218:4220:4222:4223:4224:4225:4226:4227:4228:4229:4238:4239:4240:4241:4242:4243:4244,1,1575000000,650000000,725000000,800000000,875000000,950000000,1230000000,1320000000,1410000000,1500000000,1500000000,1650000000,1800000000,1950000000,2100000000,2250000000,2400000000,2550000000,2700000000,2850000000,999999999