48
51
54
57
60
63
66
69
72
75
78
81
85
89
93
97
101
105
109
113
117
121
125
129
134
139
144
149
154
159
164
169
174
179
184
189
195
201
207
213
219
225
231
237
243
249
255
261
268
275
282
289
296
303
310
317
324
331
338
345
353
361
369
377
385
393
401
409
417
425
433
441
450
459
468
477
486
495
504
513
522
531
540
549
559
569
579
589
599
609
619
629
639
649
659
669
680
691
702
713
724
735
746
757
768
779
790
801
813
825
837
849
861
873
885
897
909
921
933
945
958
971
984
997
1010
1023
1036
1049
1062
1075
1088
1101
1115
1129
1143
1157
1171
1185
1199
1213
1227
1241
1255
1269
1284
1299
1314
1329
1344
1359
1374
1389
1404
1419
1434
1449
1465
1481
1497
1513
1529
1545
1561
1577
1593
1609
1625
1641
1658
1675
1692
1709
1726
1743
1760
1777
1794
1811
1828
1845
1863
1881
1899
1917
1935
1953
1971
1989
2007
2025
2043
2061
2080
2099
2118
2137
2156
2175
2194
2213
2232
2251
2270
2289
2309
2329
2349
2369
2389
2409
2429
2449
2469
2489
2509
2529
2550
2571
2592
2613
2634
2655
2676
2697
2718
2739
2760
2781
2803
2825
2847
2869
2891
2913
2935
2957
2979
3001
3023
3045
3068
3091
3114
3137
3160
3183
3206
3229
3252
3275
3298
3321
3345
3369
3393
//3307 150,150,100